     340
   Test                                                                         
      10
   0.7000000000000000E+01   0.7000000000000000E+01   0.5500000000000000E+01
   0.2435946987692127E+01   0.6074661070177720E+00   0.1183468851798668E+01     1
  -0.1995869122974668E+01   0.6485711643102697E+00  -0.2292571783843043E+01     1
  -0.1085944688450086E+01  -0.2533317360261494E+01  -0.2672812583852049E+01     1
  -0.9219901447542334E+00  -0.2628901459126045E+00   0.2363459749410553E+00     1
   0.2532890296694703E+01   0.2778635477516833E+01   0.2264412217827478E+01     1
   0.4221460692459186E+00  -0.2455159703089751E+01  -0.1378269854238536E+01     1
  -0.2976721511114687E+00   0.2793745763820748E+01  -0.1968864879610055E+01     1
  -0.2755162795186784E+01   0.2144507805286653E+01  -0.9251499972418230E+00     1
  -0.3286790103197251E+01   0.9637092375482461E+00  -0.2602153943244313E+01     1
  -0.7970801930090933E+00   0.9398883543744320E+00   0.2655695894847278E+01     1
    0.2695000000000000E+03
  -0.9393129335371414E+00  -0.3154142837825373E+01   0.6020880282247190E+00
  -0.1806142567366949E+01   0.3009336534897799E-01   0.4247034067142383E+00
  -0.1945921172584322E+01  -0.1128137437086295E+01   0.1308705471360013E+01
   0.6404497308721142E+00   0.8101241028069543E+00  -0.8027228358882856E+00
   0.9575545560324726E+00   0.6819969441329887E+00  -0.1510880788116937E+00
   0.1990637659487702E+01   0.8785985064911216E+00  -0.2372359587546636E-01
   0.6233499169850168E+00   0.1634892448036637E+01   0.1591029364160085E+01
  -0.2084929176192458E+01   0.3293166474622939E+01  -0.2929462665779699E+01
   0.1769619194893862E+01  -0.1061867503879620E+01  -0.7475743270200726E-01
   0.7946947914097027E+00  -0.1984724062648330E+01   0.5522833859809800E-01
